0.000000 500.000000 0.000000 0.000000
0.000000 1000.000000 0.000000 0.000000
0.000000 1500.000000 0.000000 0.000000
0.000000 2000.000000 0.000000 0.000000
0.000000 2500.000000 0.000000 0.000000
0.000000 3000.000000 0.000000 0.000000
0.000000 3500.000000 0.000000 0.000000
0.000000 4000.000000 0.000000 0.000000
0.000000 4500.000000 0.000000 0.000000
0.000000 5000.000000 0.000000 0.000000
0.000000 5500.000000 0.000000 0.000000
0.000000 6000.000000 0.000000 0.000000
0.000000 6500.000000 0.000000 0.000000
0.000000 7000.000000 0.000000 0.000000
0.000000 7500.000000 0.000000 0.000000
0.000000 8000.000000 0.000000 0.000000
0.000000 8500.000000 0.000000 0.000000
0.000000 9000.000000 0.000000 0.000000
0.000000 9500.000000 0.000000 0.000000
0.000000 10000.000000 0.000000 0.000000
0.000000 10500.000000 0.000000 0.000000
0.000000 11000.000000 0.000000 0.000000
0.000000 11500.000000 0.000000 0.000000
0.000000 12000.000000 0.000000 0.000000
0.000000 12500.000000 0.000000 0.000000
0.000000 13000.000000 0.000000 0.000000
0.000000 13500.000000 0.000000 0.000000
0.000000 14000.000000 0.000000 0.000000
0.000000 14500.000000 0.000000 0.000000
0.000000 15000.000000 0.000000 0.000000
0.000000 15500.000000 0.000000 0.000000
0.000000 16000.000000 0.000000 0.000000
0.000000 16500.000000 0.000000 0.000000
0.000000 17000.000000 0.000000 0.000000
